0.101011 0
0.102042 0.000408496
0.103094 0.000823697
0.104168 0.00121409
0.105265 0.00156911
0.106385 0.00197203
0.107529 0.00233273
0.108698 0.00271472
0.109892 0.00307619
0.111113 0.00343952
0.112362 0.00380218
0.113638 0.0041617
0.114944 0.00444505
0.11628 0.00477063
0.117648 0.00512362
0.119048 0.00541653
0.120481 0.00573338
0.12195 0.00603673
0.123454 0.00634414
0.124996 0.00662959
0.126577 0.00692135
0.128199 0.00720592
0.129862 0.00751658
0.131569 0.00776268
0.133321 0.00802233
0.135121 0.00831122
0.136969 0.00856477
0.138869 0.00882084
0.140822 0.00913629
0.142831 0.00933977
0.144897 0.00961158
0.147024 0.00982084
0.149215 0.0100468
0.151471 0.0102657
0.153796 0.01052
0.156194 0.0107274
0.158668 0.0109445
0.16122 0.0111687
0.163857 0.0113742
0.16658 0.0115948
0.169395 0.0118257
0.172307 0.0120501
0.175321 0.0123098
0.178441 0.0125314
0.181674 0.0127314
0.185027 0.012971
0.188505 0.0132094
0.192115 0.013448
0.195867 0.0136307
0.199767 0.0138814
0.203826 0.0140996
0.208052 0.0143721
0.212457 0.0146071
0.217052 0.0148742
0.22185 0.0151654
0.226863 0.0154706
0.232016 0.0155015
0.237168 0.0150588
0.242324 0.0146843
0.247483 0.0143653
0.252657 0.0140832
0.257846 0.0138605
0.263074 0.0137163
0.268307 0.0135051
0.273542 0.0133039
0.278778 0.0131229
0.284012 0.0129464
0.289243 0.0128022
0.29447 0.012679
0.299691 0.0125479
0.304905 0.0124338
0.310112 0.0123188
0.315311 0.0122295
0.320501 0.0121662
0.325683 0.0121124
0.330888 0.0121314
0.336117 0.0121534
0.341366 0.0121712
0.346629 0.0121796
0.351883 0.0121552
0.357128 0.0121082
0.362366 0.0120555
0.367599 0.0120046
0.372851 0.0120188
0.37812 0.0120336
0.383441 0.0121069
0.388794 0.0120961
0.394164 0.0120938
0.399538 0.0120775
0.404887 0.0119805
0.410214 0.0119028
0.415523 0.0118425
0.420816 0.011797
0.426117 0.0117765
0.431423 0.0117582
0.436732 0.0117492
0.442043 0.0117445
0.447353 0.0117548
0.452662 0.0117587
0.457968 0.0117704
0.463271 0.0117649
0.468571 0.0117759
0.473867 0.0117637
0.479159 0.0117735
0.484448 0.0117714
0.489733 0.011758
0.495013 0.0117637
0.500312 0.0118102
0.50561 0.0118129
0.510908 0.0118087
0.516205 0.0118147
0.521493 0.0118023
0.52683 0.0118552
0.532214 0.011909
0.537643 0.0119508
0.543114 0.0119952
0.548604 0.0120208
0.554076 0.012012
0.559531 0.0120004
0.564984 0.0119978
0.570434 0.012008
0.57588 0.0120055
0.581323 0.0119995
0.586833 0.01208
0.592408 0.0121625
0.598036 0.0122092
0.603648 0.0121972
0.609243 0.0121967
0.614822 0.0121689
0.620488 0.0122594
0.626239 0.0123604
0.632043 0.0124248
0.637892 0.0124638
0.643777 0.0125057
0.64966 0.0125123
0.655538 0.012512
0.661411 0.0125089
0.66728 0.0125092
0.673146 0.012515
0.679007 0.012528
0.684897 0.012577
0.690815 0.0126255
0.69676 0.0126779
0.70273 0.0127276
0.708724 0.0127624
0.714742 0.0128115
0.720782 0.012837
0.726845 0.012866
0.732928 0.0128795
0.739033 0.0128935
0.745159 0.0129108
0.751306 0.0129326
0.757615 0.0130539
0.764064 0.0131628
0.770534 0.0131719
0.777025 0.0131587
0.783661 0.0132487
0.790314 0.0132351
0.796983 0.0132223
0.803669 0.0132175
0.810369 0.0132043
0.817084 0.0131763
0.823814 0.0131453
0.830556 0.0131137
0.837312 0.0130889
0.844081 0.0130446
0.850862 0.0130223
0.857655 0.0129943
0.864461 0.0129587
0.871449 0.0130235
0.878586 0.0130675
0.88573 0.0130157
0.892883 0.0129662
0.900044 0.0129259
0.907402 0.0129991
0.914951 0.013076
0.922505 0.0130465
0.930063 0.0130096
0.937628 0.0129698
0.945406 0.0130595
0.953308 0.0130754
0.961214 0.013031
0.969126 0.0129953
0.977043 0.0129533
0.984969 0.0129135
0.993119 0.0129941
1.0015 0.0130817
0.101011 0
0.102042 -0.012346
0.103094 -0.0249396
0.104168 -0.0370962
0.105265 -0.0489514
0.106385 -0.0598084
0.107529 -0.0713761
0.108698 -0.0816711
0.109892 -0.092794
0.111113 -0.102851
0.112362 -0.112966
0.113638 -0.122845
0.114944 -0.132567
0.11628 -0.141231
0.117648 -0.149617
0.119048 -0.15814
0.120481 -0.16411
0.12195 -0.171212
0.123454 -0.177551
0.124996 -0.183687
0.126577 -0.188714
0.128199 -0.193513
0.129862 -0.197685
0.131569 -0.201835
0.133321 -0.204831
0.135121 -0.207534
0.136969 -0.209535
0.138869 -0.211792
0.140822 -0.213571
0.142831 -0.21397
0.144897 -0.214033
0.147024 -0.213877
0.149215 -0.213387
0.151471 -0.212325
0.153796 -0.211518
0.156194 -0.210083
0.158668 -0.208501
0.16122 -0.205595
0.163857 -0.202081
0.16658 -0.198696
0.169395 -0.194674
0.172307 -0.190143
0.175321 -0.186005
0.178441 -0.181144
0.181674 -0.176207
0.185027 -0.171008
0.188505 -0.166003
0.192115 -0.160946
0.195867 -0.154596
0.199767 -0.148569
0.203826 -0.141855
0.208052 -0.135591
0.212457 -0.129429
0.217052 -0.123115
0.22185 -0.11645
0.226863 -0.110143
0.232108 -0.103237
0.237601 -0.0965573
0.243191 -0.0912571
0.248741 -0.0870377
0.25426 -0.0828314
0.259748 -0.0790475
0.265216 -0.0761076
0.270175 -0.075133
0.275232 -0.0719498
0.280258 -0.0704468
0.285518 -0.068042
0.290885 -0.066038
0.29622 -0.0641487
0.301582 -0.0621668
0.30689 -0.060639
0.312148 -0.0589024
0.317364 -0.0571289
0.322534 -0.0556214
0.327664 -0.0541901
0.332854 -0.0522911
0.338101 -0.0502794
0.343364 -0.0484478
0.348598 -0.0471148
0.353805 -0.0455119
0.358987 -0.0440623
0.36414 -0.0422551
0.369256 -0.0407027
0.374329 -0.0393189
0.37936 -0.0376245
0.384348 -0.0360338
0.389293 -0.0347328
0.394207 -0.0333168
0.399092 -0.0321132
0.403998 -0.0308768
0.408918 -0.0297907
0.413846 -0.0289956
0.418768 -0.0278089
0.423681 -0.0266876
0.428583 -0.0257777
0.433464 -0.0248291
0.43833 -0.0239462
0.443176 -0.0233756
0.447996 -0.0228005
0.452794 -0.022341
0.45757 -0.0220385
0.462316 -0.0215439
0.46703 -0.0211551
0.47171 -0.0206823
0.476349 -0.0203924
0.480947 -0.020313
0.485502 -0.0200641
0.490015 -0.0197383
0.494488 -0.0195846
0.498963 -0.0193905
0.503396 -0.0191987
0.50779 -0.0193114
0.512173 -0.0189065
0.516515 -0.0187087
0.520817 -0.0184642
0.525102 -0.0183822
0.529426 -0.01818
0.533788 -0.0175887
0.538187 -0.0170755
0.542624 -0.0165764
0.547125 -0.0162179
0.551687 -0.0156763
0.556279 -0.0152611
0.560901 -0.0144221
0.565527 -0.0140294
0.570123 -0.0134005
0.574694 -0.0133202
0.579243 -0.0134662
0.583769 -0.013575
0.588315 -0.0132475
0.592881 -0.0129284
0.597464 -0.0127379
0.602066 -0.0125968
0.606687 -0.0124179
0.611322 -0.0122454
0.615973 -0.0120333
0.620638 -0.0118957
0.625335 -0.0116821
0.630061 -0.0114587
0.634844 -0.011358
0.639683 -0.0109365
0.644577 -0.0104343
0.649525 -0.0103041
0.654528 -0.00993506
0.659575 -0.00985926
0.664638 -0.0099337
0.669721 -0.00953729
0.674826 -0.0091887
0.679951 -0.00898538
0.685164 -0.00870822
0.690396 -0.008504
0.695648 -0.00820315
0.700917 -0.00798752
0.706204 -0.00776819
0.711508 -0.00758068
0.716828 -0.00724803
0.722278 -0.00707275
0.727864 -0.00690469
0.733592 -0.00658373
0.739398 -0.00642436
0.745346 -0.00632843
0.751444 -0.00605054
0.7577 -0.00589814
0.764 -0.00559168
0.770324 -0.00545993
0.776675 -0.00546948
0.78305 -0.00545781
0.789453 -0.0052252
0.795885 -0.00503928
0.802349 -0.00470097
0.808975 -0.00458541
0.815624 -0.00430761
0.822284 -0.00416435
0.828956 -0.00405946
0.835782 -0.00394478
0.842764 -0.00357783
0.849823 -0.00356625
0.8569 -0.00337576
0.863999 -0.00325762
0.871124 -0.00329121
0.878274 -0.00327707
0.885569 -0.00313858
0.893009 -0.00303819
0.900599 -0.00279257
0.90828 -0.00252399
0.915981 -0.00227103
0.923839 -0.00200567
0.931745 -0.00195789
0.939811 -0.00170687
0.948044 -0.00177007
0.956447 -0.00172074
0.965026 -0.00175689
0.973748 -0.00159401
0.982617 -0.00157303
0.991538 -0.00147258
1.00064 -0.00141803
0.101011 0
0.102042 9.40826e-05
0.103094 0.000201411
0.104168 0.000294417
0.105265 0.000359983
0.106385 0.000480156
0.107529 0.000566725
0.108698 0.00068379
0.109892 0.000780528
0.111113 0.000899002
0.112362 0.00101613
0.113638 0.00113877
0.114944 0.00117791
0.11628 0.00126889
0.117648 0.00139733
0.119048 0.00150587
0.120481 0.00160406
0.12195 0.00170267
0.123454 0.0017923
0.124996 0.00191233
0.126577 0.00200207
0.128199 0.00210648
0.129862 0.00219971
0.131569 0.00232404
0.133321 0.00241652
0.135121 0.00252286
0.136969 0.00263898
0.138869 0.00274964
0.140822 0.00288225
0.142831 0.00301883
0.144897 0.00312536
0.147024 0.00325972
0.149215 0.00336894
0.151471 0.00350353
0.153796 0.00361686
0.156194 0.00375201
0.158668 0.00392491
0.16122 0.00408632
0.163857 0.00423162
0.16658 0.00440545
0.169395 0.00455265
0.172307 0.00474631
0.175321 0.00492937
0.178441 0.00512019
0.181674 0.00536634
0.185027 0.00559601
0.188505 0.00586469
0.192115 0.00612555
0.195867 0.00639441
0.199767 0.00667888
0.203826 0.00695652
0.208052 0.00722925
0.212457 0.0075381
0.217052 0.00784874
0.22185 0.00815919
0.226863 0.00849862
0.232108 0.00886809
0.237601 0.00924805
0.243359 0.00963261
0.249147 0.00929621
0.254953 0.00898512
0.260778 0.00868422
0.266623 0.00842006
0.272489 0.00817475
0.278377 0.00791478
0.284286 0.00771673
0.290217 0.00755152
0.29617 0.00737362
0.302147 0.00722948
0.308146 0.00706776
0.314153 0.00689116
0.32017 0.00673619
0.326196 0.00660158
0.332232 0.00648727
0.33828 0.00635196
0.344339 0.00624543
0.350411 0.00614875
0.356497 0.0060623
0.362596 0.00598602
0.368711 0.00589211
0.374842 0.00579043
0.380989 0.00570471
0.387153 0.00562904
0.393334 0.00555616
0.399533 0.00547864
0.40575 0.00540049
0.411985 0.00532404
0.418238 0.0052459
0.42451 0.00516923
0.430802 0.00508466
0.437113 0.00502811
0.443445 0.00496032
0.449799 0.00490408
0.456156 0.0048156
0.462518 0.00474084
0.468884 0.0046507
0.475254 0.0045678
0.481628 0.00448517
0.488007 0.00440509
0.49439 0.0043287
0.50078 0.00427244
0.507176 0.00421043
0.513581 0.00415845
0.519995 0.00411524
0.52642 0.00406745
0.532857 0.0040197
0.539309 0.00398451
0.545776 0.00394471
0.552262 0.00389371
0.558769 0.00385374
0.565292 0.00380779
0.571834 0.0037592
0.578396 0.00371967
0.58498 0.00367599
0.591589 0.00362654
0.598224 0.00357668
0.604888 0.00352289
0.611571 0.0034685
0.618273 0.00341034
0.624997 0.0033507
0.631745 0.00328283
0.638518 0.00321421
0.64532 0.00315512
0.652152 0.00311283
0.659018 0.00307436
0.66592 0.00303171
0.672862 0.00299801
0.679848 0.00297041
0.686882 0.00294522
0.693969 0.00292759
0.701114 0.00291676
0.708322 0.0029014
0.715565 0.00285087
0.722827 0.00279249
0.730109 0.00273653
0.737413 0.00268246
0.744739 0.00263723
0.752088 0.00258544
0.759462 0.00253917
0.766861 0.0024917
0.774287 0.00245116
0.781741 0.00240324
0.789225 0.0023489
0.796741 0.00230976
0.804292 0.00226018
0.811881 0.00222202
0.819511 0.00218375
0.827187 0.00214788
0.834913 0.00210762
0.842693 0.00207885
0.850534 0.00205335
0.858441 0.00202911
0.866417 0.00199462
0.874466 0.0019732
0.882594 0.00195455
0.890809 0.00193702
0.899123 0.00192147
0.907544 0.00191357
0.916082 0.00190161
0.92471 0.00187442
0.933438 0.00185505
0.942275 0.00183536
0.951235 0.00181838
0.960332 0.00181431
0.969545 0.00179966
0.978871 0.00178312
0.98831 0.001758
0.997861 0.00174101
1.00754 0.00172376
