19
=================================
1388158
Weak lensing of large scale structure in the presence of screening
0

=================================
1377320
Modified Gravity N-body Code Comparison Project
3
1406544;1395204;1388158;
=================================
1373268
Universal predictions of screened modified gravity on cluster scales
1
1377320;
=================================
1370085
Vainshtein mechanism beyond the quasistatic approximation
9
1407823;1406544;1393466;1388158;1377320;1376262;1372709;1372075;1372067;
=================================
1348524
Hydrodynamic Effects in the Symmetron and $f(R)$-gravity Models
8
1406544;1402923;1391095;1377320;1377318;1373246;1372057;1331730;
=================================
1341964
Testing General Relativity with Present and Future Astrophysical Observations
62
1409473;1408260;1405823;1405415;1405262;1405087;1404667;1404665;1404140;1403146;1402581;1402558;1400570;1396682;1394383;1394129;1393466;1393220;1391477;1391258;1390108;1388158;1387722;1386830;1385307;1385303;1383812;1381929;1381732;1380905;1380129;1380113;1377320;1377187;1376909;1373886;1373477;1373284;1372045;1370085;1369303;1367060;1366163;1365542;1362450;1359284;1358924;1358622;1357583;1356699;1356261;1355517;1351758;1351409;1351204;1347380;1345332;1341250;1340046;1336072;1329749;1323430;
=================================
1287314
Fast route to nonlinear clustering statistics in modified gravity theories
9
1406544;1388158;1382104;1377320;1374179;1373268;1370085;1327186;1309864;
=================================
1257664
Spatial variations of the fine-structure constant in symmetron models
6
1353646;1331728;1318637;1306472;1293895;1257727;
=================================
1250249
Layzer-Irvine equation for scalar-tensor theories: A test of modified gravity N-body simulations
2
1302373;1253687;
=================================
1244499
ISIS: a new N-body cosmological code with scalar fields based on RAMSES. Code presentation and application to the shapes of clusters
27
1406544;1391966;1388158;1377320;1373268;1373246;1372075;1364859;1362135;1348524;1341964;1334638;1331726;1327186;1321527;1309864;1289037;1287314;1286275;1273437;1267478;1265609;1264102;1258110;1250249;1249345;1244632;
=================================
1222064
Systematic simulations of modified gravity: chameleon models
28
1405397;1394833;1388158;1377320;1370085;1362135;1348524;1344994;1341964;1331726;1321372;1287314;1286738;1281819;1276785;1273437;1272671;1268935;1267477;1261853;1261523;1258110;1257446;1252045;1251532;1250249;1244632;1238540;
=================================
1118476
Systematic Simulations of Modified Gravity: Symmetron and Dilaton Models
37
1405397;1388158;1386445;1377320;1377318;1373268;1372057;1370085;1362135;1344994;1341964;1331726;1321527;1321372;1318637;1287314;1286738;1281819;1273437;1268935;1267477;1261853;1257664;1257446;1252045;1250249;1244632;1243078;1238540;1235395;1221177;1218970;1203611;1193256;1184208;1125800;1118793;
=================================
1094531
A Unified Description of Screened Modified Gravity
61
1405397;1388489;1388158;1386445;1377320;1377318;1374596;1373268;1373246;1372075;1372057;1348524;1344994;1341964;1338202;1332915;1331726;1329743;1326475;1311445;1309860;1294126;1287314;1283822;1283587;1281819;1272823;1268935;1268675;1264434;1262475;1258110;1257727;1257664;1257446;1252045;1250249;1249345;1243580;1238540;1235395;1222065;1222064;1221177;1219086;1217702;1215742;1207850;1203611;1202182;1193308;1185371;1185023;1125800;1121362;1118793;1118476;1116482;1114401;1112709;1095402;
=================================
1081815
Cosmological supersymmetric model of dark energy
5
1393973;1344994;1286873;1219086;1207850;
=================================
943700
Environment Dependence of Dark Matter Halos in Symmetron Modified Gravity
20
1388158;1384265;1377320;1373268;1373246;1362135;1355189;1348524;1331726;1304248;1278170;1273437;1257664;1244632;1243078;1233009;1193256;1118476;1079463;922453;
=================================
924207
Structure Formation in the Symmetron Model
45
1388158;1384265;1377320;1373268;1373246;1370085;1364859;1362135;1344994;1341964;1331726;1321527;1309864;1304248;1287314;1273437;1268935;1261853;1257664;1255025;1250249;1244632;1244499;1240038;1238540;1236343;1233009;1222064;1221177;1217999;1198255;1193256;1121362;1118793;1118476;1114401;1112958;1112709;1094531;1081815;1079463;943700;939453;924206;922453;
=================================
874627
Cosmology of Chameleons with Power-Law Couplings
11
1263602;1233603;1202981;1179972;1124307;1117419;1112709;1081815;924207;921977;890754;
=================================
873387
Chameleon dark energy models with characteristic signatures
38
1400567;1376112;1369068;1335103;1335094;1315645;1315394;1310076;1299949;1289846;1281812;1261523;1254559;1241662;1240038;1225914;1223298;1207497;1180170;1179972;1124307;1121362;1117419;1112709;1095402;1094531;1081815;1080477;947039;946778;943700;924207;923015;891592;890754;878759;874627;852606;
=================================
858440
Chameleons with Field Dependent Couplings
28
1388489;1364348;1356719;1344994;1304248;1287314;1250249;1207850;1185371;1179972;1127318;1121362;1119993;1117419;1112709;1095402;1094531;1081815;943700;940604;924207;917953;913415;902566;890754;874627;873387;871084;
=================================
